-4610.261469500801,-4490.795546153607,-3765.937039100802,3454.7860318395938,5135.075527047175,7040.788152598006,BHSHHSHSBSHSSHSHHHSSHSHHBSHHSHHS,
-4430.982147290388,-3261.9796763519935,1478.4933263860166,1762.6905848015972,3712.3192730444016,7179.692067858386,13288.820528331198,14965.944637417206,16173.222773112375,SHBSBBHBHBBBBHSHHBHHBBHSHBBBSHHS,
-2415.073535012803,797.6652927303919,4021.675264117981,5888.960663530014,7552.642755496008,10904.761768082797,11448.607037762007,15392.700647267164,18733.87270953441,BHSBSHBBBSSBBHHHBBSSBSHSBHHBBHHB,
-8015.7716692144,-7782.128515953589,-6596.263479111204,-3955.154171274395,-3455.270594301594,4615.511352132007,4951.384338739976,BHSBHSBHBBBSHHSBHSBBBSHBBHBBHSSB,
-6966.7571166888065,-4879.406996154417,-4862.57346677641,-2645.2536650963966,-2129.890286614009,-1228.7468650976045,-544.4821559428191,1115.0471659776044,4353.429248710806,8315.839776145202,9516.728764939593,14306.302663611183,23941.824158547985,BHBBBHHSHBHBHHBHBSBSHBBBHSBBSBSS,
-6675.527095709201,-5952.38473198639,-5333.815850256411,-4935.985117008388,-2991.4276823891937,-1780.6148685379967,-1403.9834069383983,1011.4752808303887,1302.3509092587897,9173.71825135159,SHHHBHHBHHSSBBBSBBHBBSSSHSHSHBHB,
-7791.730857446813,-6890.763431333204,-5620.291404934412,-5257.286486751605,-3757.7202826500125,-1919.883840023206,-974.7851051032031,123.0102261120011,1532.1626455783903,2460.7162963455844,SHSBBHBHBSBHBBSHBHBHHBHSSBBBHSSB,
-150.50498877921027,266.24499969080324,1534.0421177360101,7654.253441756794,11248.992224755599,11847.041824260394,14721.953414650798,17803.796750785605,19657.693276221595,HBBHBHBHBHSBSBHBHHBHHHBHHHHHHHSS,
-8158.885102705197,-8134.733980820407,-7936.239663977206,-7167.492447442794,-6018.8345355852,-5909.052713721229,-5795.101015327598,-5666.2297412308,-5528.5682953576,-4971.942565909182,-4264.527374415216,-2816.443568409606,-2455.3482537599975,92.27242394080618,BBHHHBHSBHHSHBBHBSHSBSHSHBHSSHBB,
-8160.456897271995,-7466.956276926396,-7101.8033408428055,-6805.487353079603,-6278.371769937991,-6002.097915436793,-5836.9033689672015,-5709.015714025991,-5161.658044832815,-3962.987407972801,-3896.8523981687986,-2966.0058945060005,-2053.93561397839,-1903.5782090847963,-609.0066892436112,924.0714244564017,3534.586806507602,3889.988297063606,4143.673966981611,4362.538553675993,4470.479927356413,12951.291520116009,HBBHHHHHBHBHHBBHBHSBHHBSHHSBSBHB,
-6693.213208625198,-6455.625286845998,-5268.532633309584,-4725.174468624801,-3596.7398473527887,-636.1209344528011,HSSHHHHHSHSBSSHHSHSHBHHHHBBSHSSH,
-8175.865214010009,-8018.0195959659895,-6589.679300444804,-2052.3219774179825,-772.4942965596065,1111.9989714695862,2880.4924417340035,7467.376743753599,BHHHHSHBBHBHSBBSHBHHHHHSBHBSHBBH,
-6749.8082209484,-5254.839169779215,-5243.269213276008,-419.56172155879204,436.9276878403954,5243.567925596389,BHHSSBSSHHBBBHHBHSBSBHHBHSSHSBHB,
-8026.581622113608,-6445.1581450992035,-6337.192177865202,-6243.342436951201,-5466.450323684807,-5084.627673826004,-4644.927675525601,-3962.922091579209,-2146.381939306406,143.33516249240841,BBHSHBHBSBHSBHBBHHBHSBHSHBSHSBSS,
-7850.402546513597,-7226.328590949594,-7179.984486738805,-4677.843701680415,-4055.7688603940046,-3992.2911438671827,-2792.37192991042,-2444.923988921612,-249.94214979480952,-118.55625121159711,2375.362198201986,2632.2340756212084,4093.622915621991,5723.598302722799,BBSBSBSHHSHBSSSBBBHBHSSHHHSBHHHH,
-7401.332628184804,-986.9580709200108,2011.9067914807958,HSBSBBHSSBHBBSHHBHHHSSBSHBHHBHBB,
-7323.95182399682,-6968.800047589978,-6841.491415907189,-6137.5147817616,-3094.5550515564228,-2667.599441184797,56.451392732779496,2336.181949617218,BHSHSSSHHBHHSSSHHSHBSHHBBHSSHHBH,
-7351.900187493991,-5591.698789020781,-3860.8357587760106,-3727.4338204960054,-2955.0411816248106,-2081.0249500836107,-1707.6876127268142,-1541.8961800384232,SBBBSHBBHHHHHBSHSBHSHHHBHBBSSBBB,
-8055.6115094232,-7682.415107391597,-7409.456650995605,-7217.546802682404,-6870.9195208092015,-6274.863252338797,-6086.412438918003,-4827.490628830404,-4323.600407236,-3819.102247757211,-3589.94038163441,-1840.7513410291995,-1119.0727042783983,-848.4404773311969,149.96526691159698,4368.061469634387,5910.414693714373,6456.527271163971,10197.372427375607,HSHHBBHHHBBBBHBHSBSHBHHBBSHHSHSS,
-4452.271054026393,-3932.231384626012,-830.6033651652094,-432.4096833712107,10234.879973277211,HBSHSHSBHSHBSSBBHBHHHBBBHSBBBHBH,
-8179.120016807592,-8177.867765888797,-8156.357237777586,-8154.648407342011,-8152.671360847215,-8152.254755075997,-8149.746277435192,-8147.583488306405,-8088.556099235988,-8066.341358600795,-8044.778118650795,-7845.4849176059915,-7040.575074468008,-5744.9588108860025,-5485.03886387679,-5206.698988255212,-4773.050337697609,-4727.561554974006,-4705.650820513193,-4152.8085215224,HHHBHSSHSHSSSBHHBSBHSSHHSHBBHSSS,
-8158.274262902399,-8156.217397666814,-7705.4600091947805,-6877.831855851612,-6244.530551949595,-5998.176419350405,-5949.654409618797,-5351.371773831202,-5053.3439065088005,-4184.726441833177,-3592.068881545209,-212.14293185279473,-45.27564846199588,1129.9297196132084,2805.50149057681,BBBHHHHBBBBBHSSHBBBSHHSBSBHHSSHS,
-5073.118392414409,-3077.0680989475945,-2439.382721973597,-2286.1321934248062,5003.727149195594,8729.460909381187,13522.420674764811,16981.1131269668,SBHHBBHHBBSSSHHHHBHBHBSBHBHBBBBB,
-519.135134815994,1717.1033276439855,4559.353755217599,BBHHHSBHHBBHHBHSBBBBBBSSSHBSBHSH,
-5018.901762461606,-3583.824038847196,-3321.412390003188,-2051.51117383961,430.90403210441,453.7394029327924,1140.8752203543997,1741.7057066404238,1890.4940855284012,4434.147867017612,7269.580755259609,18549.0085459584,BBSBHBBHHBBBBSBBSHBHSHHBBBHBHHBB,
-8044.835689252396,-7738.4829669211995,-6995.830027810412,-6870.736823812802,-6654.632264249995,-6583.2782773652,-6417.472804407598,-5937.056175072798,-5091.17296649361,-4962.043824270409,-4958.504045191209,-3680.703259563204,-3625.377121700417,-2932.3097869383873,-1725.368614885608,-1684.5555704804078,-1136.6674963171943,178.9868638295913,1566.3621133416123,1916.0386959540006,2865.8698927044193,3795.6711984732046,3894.433732479599,4071.286454426809,6748.462061518806,8036.345453261211,BHBHBHHBSBBBBBBBBBBBHBHHBHHSSHHS,
-8159.305048349204,-7151.261560318791,-6833.389539333202,-6371.97056956199,-4591.063777589602,-3635.6822928236006,-2740.7443650256073,-593.0729826692037,-270.484116551606,949.2753552140051,1631.5142306383977,1674.4238560040085,4208.376216837999,25123.07417126801,HHHHHBBHBBHBBBBBHBHHBSHHHHSBBBSB,
-7285.14392125681,-6998.5066486780015,-6931.633132692012,-6429.813637429205,-6382.432676448815,-6146.835901430398,-3126.4154418160047,-2495.1113259572185,-2040.4824259016011,-934.414488713604,-872.2931695156055,-132.62700126118608,4031.254435555593,BHBHHSHSBBHSBSHBHHHBBSHBHBHSSHSH,
-8166.563229755205,-8052.939356864793,-7081.684878938782,-6789.599194208414,-6692.0488588075805,-6256.4730850407905,-6108.087081236011,-4449.970755163195,-4076.169902904806,-4022.4375668551866,-3671.449807494825,-3031.9763280952,-471.34014845680326,1385.2193118108135,BBSHBHBHBSBBBBBSBHBSBHBBHBSHSSHS,
-8162.077720322807,-7212.988072609999,-6225.929793683607,-2278.2129257935844,-583.6349336164084,715.0829850108025,BSHSSBBHBHHHSHBHHBSHBSSHBBHBSBHB,
-4814.096623375998,-2497.2276537636017,-2294.945766595213,3253.778442525605,5520.429945310387,BHSSHBBBHHBBSHBBSHSSSBHBSHSHHBBS,
-8152.349124573195,SBSSBBSSHSSBSSBSBSBHHBSSBSSHHBSH,
-4293.728456329591,-3850.0829896552023,-3637.7486886487923,-3573.314415513605,-3161.2470941747933,-2618.5621310324123,-2493.0015363780058,-132.53241220798694,4478.338449169195,SSSBHHHSHHHSBBSBBBBBBSBBSHHHHBBS,
4416.224372036781,HHSBHBSBHBBBHSHBHHSBHHHSSSBSBSHH,
-8163.066324110807,-8159.678501219195,-8151.5536057471945,-8151.3740914900045,-7342.229612206805,-7311.824808707595,-6036.729697802016,-5639.764357180405,-5315.876046708406,-5031.302878596811,-4248.620007277596,BBSBHSHHBBHSSSHSHHBBBBHSSSSSBSSH,
-7923.568178124787,-7361.049054069598,-5739.356314032795,-5345.826170221611,-5058.970472755608,-4535.5651199052045,-2795.374503959999,-2194.1730180516224,-1981.5908428019973,103.78667552917497,1092.6573987096024,HHBHSHSSBSBBHHSSBHHSSHBHHSHSHSSB,
-8178.740710411991,-7165.443256009193,-5962.1793592816075,-4208.791106882003,-3397.8912723883846,-2752.257342031207,-2589.8407685680086,-1891.24031750801,47.909069940398915,546.2147748691984,2094.9844138259955,3359.380182090767,9622.869127221207,BHBBHSBHSHHBHHHBBHSHHSBBBHBHBHSB,
-8176.320734268401,-8175.073597280407,-8152.3890618284,-6069.204422335592,-5688.9783227112,-3958.3382152596023,SHBBHHBBSSHSBBBHBBBSHHBSSHBBBHHS,
-7133.138460440007,-6890.391200183188,-6593.288256033603,-5478.051248241195,-5434.417297007616,-5219.083001992386,-4427.537038106019,-3902.2701472556196,-3266.7068820344007,-2185.3054343620083,-1715.5572767532233,459.04437907041864,BHBSSHSBBSHSSSHBBSBSHHHSHSHSSHHH,
-8155.346208241586,-5423.412585177999,-5071.6872833251955,-4605.876030558802,-3630.53801522759,-2494.894181269994,1763.6844711848057,BHBHHHBHHSHHBBBSSBHBBBSBBHBHSSHH,
-6742.374527777611,-5018.5143814660005,-4061.664105611201,-3217.906846788791,-2084.771180533989,3601.2041626120104,6913.130468342402,8739.608462439595,HBHHHHBSHHHHHHHSBHBSHSHSBSHBSBHB,
-8142.343588297593,-7622.887237978396,-7204.223580408394,-5029.808559481986,-1788.044039116397,-1257.3842877508107,317.75709873759655,382.2335704627924,1191.0566721560037,4169.060672055997,4931.323744807607,9741.142225596823,11154.44741001681,BBHBHSBSBHSHBHBBBHBHHBHHHSHHSSSB,
-2298.776930092802,-46.44934753080131,2866.4393695343892,4754.4812590548045,12576.088185148788,BHBBBHBSHSHHHBSHBHHSHSHHBSHBSHBS,
-6521.159548400803,-5192.528148869598,-3509.105604585584,-435.9268046084221,-185.9067747780157,220.37571179039776,2721.6581580288057,3598.5513837271974,7558.355946921643,8008.520789916003,8810.469856704784,17548.5497577552,19222.01980602637,28826.67437691358,BHBHBHHHHHHHHHSHHBSBSHSHBHSHSHHS,
-3202.220157267605,207.57778893519077,2674.4217488559916,11000.011356407595,28783.062406507623,29332.849810024447,33391.65915594801,BHHSHHSHHBSBHBHHBHHBHHBHBHBBBBBS,
-8165.821571930007,-8138.990123719198,-8098.377079460782,-7997.760847778795,-7597.52221339961,-7488.649623914794,-7331.432185953989,-7295.1594774315945,-5673.759269121189,-5464.685580169207,-5441.218245830797,-5406.007433522006,-5027.895007774811,-4869.772218518411,-4783.646063235202,-2020.169254899181,SSHBHBBHHBHBHSBBSSSHHBBHSSSSSSBH,
-4422.471478728,-3861.178511043191,-994.548765112795,1994.973145051978,3064.130939641609,6242.530699871189,BBHSBHHSHSBBHHHBBBBSSHBHBSHHSHBS,
-8086.015032751202,-7588.797886834408,-6167.975214658002,-6123.716434726408,-5647.0132724872,-4115.917012982003,BHHBBBHHHHSSSBBSBBHHSBSSSBSBSHHB,
-7808.717493432819,-5083.9488442875845,-2222.1869824331848,-1029.455131008404,-804.3519857728166,-312.4866271728009,3085.8099249920065,4152.9791179188,6260.149385792806,12343.0580447516,HBBBHBHSBHBHHHHHHHBHHSBBHSBHHBSH,
-8174.4283866884,-8169.184577223594,-8145.968993909208,-8029.08300350999,-7592.256769164002,-6674.578466564028,-5262.1278540376015,SBSHSSBBHBBHSHSSHBBSBHHSHBSBBBSB,
